2 0.711285 0.062354 0.098458 0.108612
1 0.056215 0.733390 0.112431 0.118692
2 0.057263 0.174567 0.102668 0.107686
2 0.382194 0.060905 0.104308 0.109738
2 0.276808 0.061308 0.103024 0.110543
2 0.491581 0.060996 0.101739 0.109920
2 0.600464 0.061127 0.102115 0.110181
1 0.058557 0.841107 0.113162 0.116821
1 0.276166 0.177425 0.101739 0.109376
2 0.165860 0.173913 0.102470 0.106378
1 0.057490 0.618883 0.111028 0.115030
2 0.056354 0.062455 0.108755 0.112837
1 0.714368 0.177736 0.108577 0.114024
1 0.930642 0.175684 0.110296 0.109920
1 0.495761 0.507435 0.106146 0.113461
1 0.711265 0.399467 0.106324 0.114829
1 0.056818 0.397777 0.109684 0.119497
1 0.602846 0.397857 0.106877 0.115634
1 0.601838 0.178008 0.104862 0.110543
1 0.495850 0.177827 0.106324 0.110181
1 0.382628 0.178008 0.109130 0.110543
1 0.383024 0.506419 0.109921 0.115453
1 0.168340 0.283592 0.107431 0.108431
1 0.821660 0.177364 0.105771 0.113280
1 0.930909 0.397767 0.106877 0.115453
1 0.820326 0.397143 0.107055 0.114205
1 0.493142 0.398290 0.104862 0.112475
1 0.059368 0.285121 0.110830 0.111489
1 0.602292 0.508521 0.105771 0.115634
1 0.713429 0.506509 0.110652 0.115634
1 0.055405 0.946258 0.110810 0.105795
2 0.600336 0.283089 0.097905 0.103400
1 0.712668 0.285121 0.109130 0.111489
2 0.380909 0.284024 0.101739 0.105272
2 0.056383 0.505664 0.104862 0.109920
1 0.493874 0.284839 0.106324 0.110926
2 0.378419 0.394034 0.100711 0.103964
2 0.928340 0.504738 0.101739 0.108068
2 0.165030 0.504789 0.096858 0.104145
2 0.272549 0.393320 0.098458 0.102535
1 0.382905 0.618974 0.109684 0.115211
1 0.820049 0.284930 0.106502 0.111107
2 0.275741 0.282183 0.100889 0.101590
1 0.169585 0.064195 0.109921 0.112294
1 0.821275 0.063551 0.108953 0.115030
1 0.277016 0.506942 0.099486 0.112475
1 0.931364 0.731559 0.107787 0.115030
1 0.822490 0.730573 0.107431 0.117082
1 0.165168 0.395684 0.105040 0.111288
1 0.276265 0.620392 0.101937 0.114024
1 0.711364 0.620714 0.110474 0.118692
1 0.929694 0.619095 0.108399 0.115453
1 0.711453 0.730040 0.110652 0.116016
1 0.822579 0.621429 0.107609 0.120121
2 0.821067 0.505443 0.096680 0.105453
2 0.273300 0.728803 0.096008 0.101469
1 0.495662 0.620131 0.105949 0.121549
2 0.602490 0.727414 0.098261 0.102716
2 0.381907 0.726791 0.099783 0.101469
1 0.931196 0.065252 0.115356 0.118431
2 0.494496 0.728531 0.099664 0.100926
1 0.167599 0.618290 0.105949 0.113843
2 0.929012 0.839256 0.099130 0.105070
2 0.929209 0.282666 0.107431 0.106579
1 0.379625 0.948823 0.111028 0.102877
1 0.167233 0.729879 0.105217 0.111670
2 0.165642 0.840000 0.098083 0.102535
2 0.272480 0.839899 0.094368 0.098310
2 0.600425 0.838511 0.098083 0.103581
1 0.820563 0.839577 0.103577 0.109738
1 0.710603 0.841217 0.108953 0.108994
1 0.275662 0.948742 0.104684 0.102716
2 0.601561 0.618561 0.104308 0.110362
1 0.165405 0.949577 0.101561 0.100362
1 0.379802 0.839205 0.107431 0.108994
1 0.931087 0.947264 0.107233 0.103783
2 0.492866 0.838270 0.104308 0.107123
1 0.820405 0.947545 0.099308 0.104346
1 0.604457 0.948913 0.106146 0.103058
2 0.711285 0.948370 0.098458 0.101972
2 0.492154 0.947404 0.098933 0.100040
