1 0.056529 0.181497 0.105216 0.119481
1 0.055618 0.399281 0.103392 0.119920
2 0.487000 0.065070 0.099490 0.106188
1 0.056716 0.287545 0.105588 0.116008
1 0.378284 0.398413 0.105588 0.114192
1 0.921010 0.181158 0.112608 0.114810
1 0.920520 0.399461 0.111627 0.120279
1 0.378647 0.179790 0.106314 0.112076
1 0.164549 0.183483 0.109490 0.123453
2 0.269422 0.175729 0.095706 0.103952
1 0.489137 0.397824 0.103765 0.113014
1 0.704275 0.399132 0.102667 0.115629
2 0.810010 0.063253 0.098451 0.106547
1 0.491549 0.179022 0.104667 0.110539
1 0.272902 0.398044 0.102667 0.113453
1 0.922578 0.289501 0.111824 0.119920
1 0.814980 0.399222 0.108392 0.115808
1 0.056990 0.727575 0.106137 0.113832
1 0.055216 0.836038 0.106510 0.115190
2 0.918824 0.063912 0.104314 0.107864
1 0.813873 0.285669 0.110098 0.116248
1 0.378951 0.838074 0.110843 0.111277
1 0.812755 0.179890 0.103941 0.112275
1 0.054020 0.509222 0.104118 0.116248
1 0.596706 0.398543 0.103216 0.114451
1 0.272216 0.069381 0.105216 0.114810
1 0.378676 0.505828 0.110294 0.113453
1 0.919451 0.509321 0.109490 0.112455
2 0.702422 0.175289 0.095039 0.103074
1 0.165618 0.288473 0.111627 0.117864
1 0.706784 0.285958 0.103765 0.112834
1 0.164951 0.401527 0.110294 0.116427
1 0.921902 0.728802 0.110471 0.120279
1 0.377520 0.067575 0.107980 0.115190
1 0.275137 0.286617 0.103216 0.110160
2 0.162725 0.507864 0.101922 0.109541
2 0.377196 0.285878 0.099490 0.104691
2 0.053657 0.064661 0.103392 0.109361
1 0.488275 0.286806 0.105961 0.110539
1 0.920794 0.617964 0.112176 0.122156
2 0.590716 0.283882 0.095157 0.104691
1 0.271667 0.947265 0.104118 0.106108
1 0.272216 0.837395 0.105216 0.109920
1 0.492667 0.836267 0.114745 0.111657
1 0.272284 0.506267 0.101431 0.110339
1 0.813480 0.727685 0.109314 0.118044
2 0.595245 0.505250 0.096373 0.104311
2 0.593716 0.176747 0.097235 0.105988
1 0.377333 0.728164 0.107608 0.115010
1 0.704912 0.066297 0.103941 0.112635
1 0.487902 0.728164 0.109137 0.115010
2 0.487069 0.505529 0.095706 0.104870
2 0.162824 0.616058 0.102118 0.106367
1 0.917794 0.836477 0.110098 0.112076
1 0.595559 0.729571 0.108765 0.113832
1 0.595745 0.065928 0.105216 0.111896
1 0.164922 0.945828 0.106314 0.107226
1 0.705000 0.506926 0.104118 0.111657
1 0.378000 0.618713 0.108941 0.119661
2 0.162725 0.724192 0.101922 0.103074
2 0.809922 0.505250 0.098275 0.104311
1 0.489010 0.620090 0.107431 0.118423
1 0.705275 0.835988 0.108588 0.111098
1 0.703961 0.728663 0.105961 0.116008
1 0.164186 0.068603 0.108765 0.117246
2 0.270569 0.724531 0.101922 0.103752
2 0.268127 0.614152 0.097039 0.106547
2 0.597598 0.835898 0.101078 0.106926
1 0.596941 0.618603 0.107608 0.115449
1 0.379294 0.945998 0.107608 0.107565
2 0.811225 0.838453 0.100882 0.108044
1 0.814500 0.619411 0.107431 0.117066
2 0.052402 0.614900 0.100882 0.108044
2 0.703245 0.615369 0.096686 0.108982
1 0.921235 0.945110 0.109137 0.109780
1 0.488549 0.946317 0.106510 0.108204
1 0.598255 0.946497 0.106314 0.108563
1 0.812020 0.945868 0.102471 0.107305
2 0.706922 0.945768 0.096196 0.107106
2 0.052588 0.945399 0.101255 0.106367
2 0.164000 0.833992 0.108392 0.111098
