1 0.275260 0.175957 0.103766 0.112553
1 0.057623 0.178019 0.104857 0.116676
2 0.161156 0.060918 0.104130 0.105878
1 0.056338 0.395824 0.102286 0.121436
2 0.593299 0.061476 0.100883 0.106995
1 0.487961 0.391316 0.108390 0.117739
1 0.376649 0.393976 0.103948 0.117739
2 0.487792 0.063298 0.102857 0.105319
1 0.163753 0.280027 0.109325 0.107926
1 0.701597 0.504455 0.109688 0.115293
2 0.809805 0.062633 0.097532 0.103989
1 0.274701 0.393976 0.102649 0.117739
2 0.053922 0.060598 0.102649 0.110559
1 0.057442 0.507739 0.104494 0.121862
1 0.166065 0.724614 0.113948 0.114122
1 0.273481 0.065319 0.105403 0.114681
1 0.058545 0.283816 0.106701 0.110186
1 0.916442 0.508125 0.108208 0.117314
1 0.595558 0.392168 0.105403 0.114122
1 0.165000 0.397859 0.111818 0.120186
1 0.810442 0.506622 0.114390 0.114309
1 0.274519 0.506024 0.102286 0.113112
1 0.163078 0.505080 0.113169 0.121862
1 0.595922 0.283537 0.106130 0.109628
2 0.701234 0.392793 0.098571 0.104734
1 0.488234 0.502965 0.108935 0.112314
1 0.811935 0.394827 0.112182 0.114122
2 0.916143 0.390426 0.097221 0.105319
1 0.487117 0.283723 0.106701 0.110000
1 0.699792 0.283351 0.111273 0.109255
1 0.914701 0.835346 0.109922 0.117500
1 0.376104 0.283351 0.102857 0.109255
1 0.916052 0.726303 0.107429 0.117500
2 0.485922 0.172527 0.099117 0.105691
2 0.375221 0.723271 0.095896 0.100798
1 0.597325 0.174455 0.108935 0.114867
2 0.270156 0.279375 0.098753 0.101303
1 0.596571 0.834654 0.107429 0.116117
1 0.374597 0.064136 0.105039 0.112314
2 0.590519 0.502593 0.095325 0.106250
2 0.698299 0.723803 0.097896 0.101862
1 0.057896 0.723949 0.105403 0.118112
1 0.699000 0.064628 0.109688 0.113298
1 0.375974 0.835904 0.107792 0.113298
1 0.698623 0.836223 0.108935 0.113936
1 0.813831 0.723138 0.115974 0.116489
1 0.489987 0.833338 0.107247 0.113484
1 0.812455 0.617168 0.118416 0.117314
1 0.915870 0.284694 0.107065 0.111941
1 0.596753 0.726184 0.107792 0.111941
1 0.914974 0.614814 0.110468 0.117926
1 0.698351 0.616569 0.113584 0.116117
1 0.702662 0.175080 0.111818 0.116117
1 0.487753 0.724734 0.107974 0.109043
1 0.811416 0.834242 0.116338 0.115293
2 0.374506 0.502207 0.099662 0.110798
1 0.273455 0.834934 0.100156 0.116676
2 0.809675 0.282753 0.102468 0.102739
1 0.488143 0.615066 0.108753 0.113112
1 0.273364 0.721449 0.099974 0.113112
2 0.269390 0.610691 0.097221 0.104362
2 0.590377 0.613537 0.095039 0.104734
1 0.915740 0.065040 0.112000 0.114122
2 0.163286 0.617048 0.108390 0.106436
1 0.814442 0.176928 0.117195 0.114495
2 0.055182 0.614574 0.099974 0.106809
1 0.375429 0.617234 0.106701 0.112128
2 0.377623 0.175080 0.100701 0.110798
1 0.917753 0.940731 0.110831 0.110186
2 0.057260 0.834934 0.098935 0.111356
1 0.914727 0.175771 0.115169 0.117500
1 0.053740 0.945173 0.102286 0.103112
1 0.162805 0.942354 0.107429 0.108112
1 0.807143 0.944548 0.112987 0.107181
1 0.376065 0.944641 0.107974 0.107367
2 0.164390 0.834840 0.105403 0.111170
2 0.268870 0.944548 0.096182 0.101862
2 0.485584 0.942606 0.098442 0.103298
2 0.593312 0.943045 0.095714 0.104176
2 0.696922 0.943045 0.095143 0.104176
2 0.164052 0.175745 0.109922 0.112128
