1 0.496257 0.173705 0.104499 0.108367
1 0.385589 0.175976 0.103202 0.108924
1 0.602525 0.174940 0.104853 0.110837
1 0.713094 0.178606 0.105953 0.114183
2 0.059293 0.171016 0.098939 0.102988
2 0.273831 0.171863 0.091866 0.100697
2 0.928733 0.173147 0.101081 0.107251
1 0.604764 0.284313 0.105403 0.110458
1 0.712917 0.282600 0.105599 0.111016
1 0.713831 0.064462 0.107426 0.116972
2 0.167014 0.170050 0.098271 0.101056
1 0.386788 0.066454 0.105599 0.116972
2 0.167603 0.389233 0.095521 0.101175
1 0.061572 0.284363 0.107426 0.114542
2 0.819686 0.174751 0.103026 0.110458
1 0.496807 0.502500 0.105599 0.112570
2 0.168458 0.060667 0.097230 0.105398
1 0.059420 0.063466 0.107053 0.114980
1 0.383242 0.830408 0.110295 0.111016
2 0.384902 0.279243 0.097898 0.100319
1 0.497259 0.066046 0.106503 0.116155
1 0.061473 0.393835 0.107230 0.114363
1 0.602701 0.063964 0.109136 0.115976
2 0.598959 0.390876 0.097721 0.104462
1 0.711955 0.720946 0.107603 0.111215
1 0.170216 0.281952 0.104676 0.109721
2 0.060265 0.498725 0.100884 0.105020
2 0.927574 0.500528 0.098762 0.104641
2 0.713084 0.390876 0.098075 0.104462
2 0.492289 0.279522 0.096562 0.100876
2 0.382515 0.391155 0.097053 0.105020
2 0.709018 0.500070 0.093870 0.103725
2 0.276424 0.281225 0.097053 0.104283
2 0.925589 0.392361 0.102652 0.107430
1 0.385462 0.502221 0.106876 0.112012
2 0.815953 0.499094 0.099489 0.105757
1 0.932387 0.063157 0.108389 0.114363
2 0.165825 0.498735 0.095894 0.101056
1 0.603173 0.502311 0.106149 0.112191
1 0.276807 0.063576 0.101749 0.111215
1 0.277308 0.830129 0.106680 0.110458
1 0.496031 0.829950 0.107976 0.110100
1 0.928919 0.830329 0.109312 0.106873
1 0.821051 0.281972 0.109686 0.113745
1 0.820403 0.720478 0.108389 0.110279
2 0.926601 0.720588 0.104676 0.106514
1 0.929666 0.284183 0.106876 0.114183
2 0.276611 0.499542 0.093497 0.102669
1 0.493468 0.392849 0.102849 0.112390
1 0.818988 0.391444 0.109489 0.113566
1 0.929224 0.939741 0.109921 0.114542
2 0.493389 0.720747 0.098762 0.102849
1 0.384794 0.614472 0.113399 0.117390
2 0.816287 0.609592 0.100157 0.107629
2 0.166640 0.721564 0.097525 0.100498
1 0.820776 0.063576 0.109136 0.111215
2 0.599322 0.611394 0.098448 0.107251
1 0.496424 0.611604 0.108762 0.119622
2 0.167348 0.611026 0.098939 0.106514
2 0.711640 0.829960 0.099116 0.106135
2 0.710845 0.610647 0.097525 0.105757
2 0.274745 0.611624 0.093694 0.103725
2 0.276081 0.721663 0.096365 0.100697
1 0.061847 0.613954 0.107976 0.116355
1 0.061385 0.722520 0.107053 0.114363
2 0.603026 0.829960 0.101925 0.106135
2 0.168507 0.829402 0.101257 0.105020
2 0.276198 0.391514 0.100530 0.109721
2 0.061699 0.831633 0.103752 0.109482
1 0.383330 0.722938 0.110472 0.111215
1 0.060383 0.944064 0.105049 0.107251
2 0.601798 0.723317 0.103399 0.107988
2 0.929303 0.613496 0.106149 0.111454
1 0.170128 0.942072 0.104499 0.107251
2 0.819361 0.940956 0.098448 0.105020
2 0.276081 0.941882 0.096365 0.106873
2 0.385422 0.940269 0.098939 0.107629
2 0.712475 0.941604 0.096857 0.106315
2 0.495786 0.940448 0.095697 0.107988
1 0.601886 0.941504 0.103576 0.110100
2 0.819548 0.830129 0.106680 0.110458
