1 0.056729 0.181467 0.105599 0.119421
1 0.055904 0.398852 0.103949 0.119062
2 0.488556 0.065619 0.100884 0.107285
1 0.057004 0.287645 0.106149 0.116208
1 0.379293 0.397934 0.106326 0.113234
1 0.924273 0.180868 0.111807 0.114232
1 0.922033 0.398723 0.111257 0.118802
1 0.164862 0.183144 0.109686 0.122774
1 0.379106 0.179591 0.105953 0.111677
2 0.269578 0.175529 0.095147 0.103553
1 0.706375 0.398214 0.104303 0.113792
1 0.924096 0.290399 0.111454 0.121717
2 0.811837 0.063343 0.099116 0.106727
1 0.815894 0.399112 0.107230 0.115589
2 0.920344 0.063992 0.103949 0.108024
1 0.490815 0.398114 0.105403 0.113593
1 0.275118 0.399341 0.102299 0.112056
1 0.492780 0.179002 0.105403 0.110499
1 0.814607 0.287954 0.108585 0.116826
1 0.055678 0.835828 0.107426 0.114770
1 0.378733 0.837056 0.109136 0.113234
1 0.057092 0.726966 0.106326 0.112615
2 0.703517 0.175000 0.094656 0.102495
1 0.813880 0.179780 0.103202 0.112056
1 0.054116 0.509112 0.104303 0.116028
1 0.165923 0.287954 0.111807 0.116826
1 0.379489 0.507026 0.110648 0.111856
1 0.274253 0.068872 0.104499 0.113792
1 0.598045 0.398114 0.103752 0.113593
1 0.165255 0.401018 0.110472 0.115409
1 0.922839 0.508064 0.108939 0.109940
1 0.922662 0.728812 0.108585 0.120299
1 0.276120 0.286597 0.104303 0.110120
1 0.378360 0.067465 0.108389 0.114970
2 0.377652 0.285220 0.099116 0.103373
2 0.053841 0.064551 0.103752 0.109142
1 0.489764 0.287465 0.107230 0.111856
1 0.706287 0.285569 0.104126 0.112056
2 0.163585 0.507754 0.103202 0.109321
1 0.921827 0.619531 0.110845 0.121297
1 0.271916 0.947585 0.103752 0.106747
2 0.592387 0.284242 0.096365 0.105409
1 0.494037 0.838643 0.115776 0.112415
1 0.272289 0.838812 0.104499 0.108762
1 0.272446 0.507754 0.100884 0.109321
2 0.596994 0.505898 0.097721 0.105609
2 0.594784 0.177116 0.097230 0.106727
1 0.814204 0.727265 0.107780 0.117206
1 0.489509 0.726457 0.110648 0.115589
2 0.163222 0.615858 0.102475 0.105968
1 0.490894 0.619691 0.109489 0.117625
1 0.376768 0.618283 0.109136 0.118802
1 0.706198 0.066377 0.103949 0.112794
1 0.165511 0.945758 0.107053 0.107086
1 0.378733 0.727265 0.109136 0.117206
1 0.705422 0.508253 0.106326 0.110319
2 0.163035 0.724092 0.102102 0.102874
1 0.596532 0.729271 0.108585 0.113234
1 0.164489 0.068393 0.108939 0.116826
2 0.488782 0.504551 0.097407 0.106906
1 0.595216 0.065908 0.105953 0.111856
2 0.810305 0.505519 0.099980 0.104850
1 0.921061 0.836747 0.109312 0.112615
1 0.705972 0.728044 0.107426 0.114770
2 0.270481 0.724341 0.100884 0.103373
1 0.706365 0.836058 0.108212 0.111238
2 0.268802 0.614421 0.097525 0.107086
2 0.596523 0.837695 0.100707 0.106527
1 0.379401 0.946427 0.110472 0.108423
1 0.598310 0.618483 0.108212 0.115210
1 0.815717 0.619291 0.106876 0.116826
2 0.812446 0.836816 0.100334 0.108762
2 0.052750 0.614890 0.101572 0.108024
1 0.923517 0.946537 0.110295 0.108643
2 0.705049 0.615449 0.097721 0.109142
1 0.490255 0.945888 0.108212 0.107345
1 0.598969 0.946138 0.105599 0.107844
1 0.813880 0.945110 0.103202 0.105788
2 0.705481 0.945739 0.094656 0.103054
2 0.053202 0.945758 0.102475 0.107086
2 0.164489 0.835878 0.108939 0.110878
