1 0.714555 0.176056 0.108953 0.113068
2 0.059872 0.167550 0.099980 0.104024
1 0.606334 0.173695 0.105949 0.112331
2 0.277638 0.168376 0.092826 0.101693
2 0.929713 0.170010 0.100534 0.104960
2 0.166067 0.168287 0.098933 0.101514
1 0.496670 0.175598 0.107964 0.112151
1 0.716532 0.282530 0.108953 0.114861
1 0.386700 0.173476 0.105415 0.107908
2 0.384773 0.389074 0.101561 0.108825
1 0.605860 0.063934 0.108953 0.115916
1 0.715771 0.063317 0.107431 0.114681
1 0.388281 0.064333 0.108577 0.116713
2 0.602806 0.388984 0.102846 0.108645
2 0.167866 0.388118 0.098577 0.102928
1 0.059822 0.283546 0.107787 0.116892
1 0.385346 0.610727 0.114565 0.113884
1 0.059368 0.061135 0.106877 0.114303
2 0.168567 0.058825 0.099980 0.105697
1 0.385761 0.499173 0.111443 0.113884
1 0.825128 0.283456 0.108755 0.116713
2 0.716542 0.389960 0.101067 0.106614
1 0.607016 0.500179 0.111265 0.111912
1 0.059545 0.391205 0.107233 0.117072
2 0.493043 0.279661 0.100711 0.105139
2 0.386324 0.279313 0.100711 0.100458
1 0.606433 0.280010 0.106146 0.109821
2 0.929615 0.497440 0.100336 0.106434
1 0.824555 0.060787 0.107609 0.109622
2 0.821808 0.497351 0.102115 0.106255
1 0.169763 0.280867 0.106324 0.111534
2 0.930168 0.391285 0.101443 0.109263
2 0.167233 0.497072 0.101265 0.105697
1 0.276719 0.060976 0.102846 0.110000
2 0.712737 0.497161 0.097411 0.105876
2 0.278291 0.280030 0.098083 0.105876
2 0.276650 0.499243 0.098755 0.106056
1 0.499229 0.609930 0.109130 0.116275
1 0.495484 0.390010 0.105593 0.114681
1 0.932974 0.283237 0.107055 0.116275
2 0.931314 0.718177 0.099783 0.101693
2 0.602619 0.608108 0.102470 0.108645
1 0.932312 0.057759 0.109684 0.111534
2 0.822895 0.172092 0.100336 0.105139
2 0.168043 0.717620 0.098933 0.100578
2 0.495020 0.720090 0.100711 0.105518
2 0.167470 0.609084 0.101739 0.106614
2 0.059970 0.497898 0.104130 0.107351
1 0.713794 0.721414 0.107431 0.112151
2 0.275702 0.717898 0.096858 0.101135
1 0.825711 0.390618 0.109921 0.111912
2 0.821957 0.608257 0.098458 0.104960
2 0.711522 0.608625 0.098933 0.105697
1 0.497164 0.829313 0.108953 0.108825
1 0.497737 0.066056 0.110099 0.120159
2 0.711976 0.829552 0.095889 0.105319
2 0.604417 0.831544 0.102115 0.105319
2 0.275553 0.606962 0.096561 0.102371
1 0.824862 0.721016 0.108221 0.111355
2 0.278142 0.390060 0.101739 0.110797
2 0.057895 0.828118 0.099980 0.106434
2 0.167955 0.827460 0.098755 0.101135
1 0.060040 0.721394 0.108221 0.116096
1 0.385188 0.831305 0.110296 0.108825
1 0.823913 0.829313 0.106324 0.108825
1 0.933429 0.830110 0.107964 0.106434
1 0.060128 0.611125 0.108399 0.114681
1 0.058725 0.940906 0.105593 0.112888
2 0.931275 0.609273 0.107609 0.110976
1 0.604457 0.721106 0.106146 0.111534
1 0.383577 0.721783 0.111028 0.112888
1 0.279061 0.828486 0.103577 0.107171
1 0.171650 0.940219 0.106146 0.107530
1 0.932036 0.939313 0.109130 0.113685
2 0.387115 0.939851 0.102292 0.106793
2 0.714773 0.939671 0.097530 0.106434
2 0.275366 0.939851 0.096186 0.106793
1 0.605099 0.940538 0.107431 0.112151
2 0.823132 0.940319 0.096858 0.107729
2 0.494022 0.939094 0.102668 0.109263
2 0.494911 0.501066 0.108399 0.113685
