1 0.058595 0.174751 0.105403 0.110458
2 0.381483 0.062052 0.102849 0.108167
2 0.276012 0.063865 0.100157 0.107809
1 0.168340 0.176295 0.104853 0.105578
1 0.060000 0.065169 0.108212 0.118386
2 0.273448 0.172480 0.095029 0.101932
1 0.380747 0.832500 0.113163 0.111215
2 0.707191 0.174771 0.098075 0.106514
1 0.059784 0.503396 0.107780 0.114363
1 0.167564 0.066743 0.107230 0.113566
1 0.602475 0.832122 0.112613 0.110458
2 0.165570 0.282749 0.099312 0.103347
2 0.490747 0.174303 0.097407 0.105578
2 0.924273 0.393426 0.103949 0.105578
1 0.166473 0.499831 0.105049 0.111215
1 0.382475 0.178645 0.108762 0.110279
1 0.926061 0.721255 0.111454 0.111833
2 0.272063 0.391693 0.096189 0.102112
2 0.815766 0.173655 0.099116 0.104283
1 0.493163 0.832122 0.110098 0.110458
2 0.055530 0.392062 0.103202 0.102849
1 0.384440 0.283825 0.108762 0.109482
1 0.276582 0.832311 0.105226 0.110837
2 0.922760 0.064064 0.104853 0.112191
1 0.600275 0.396245 0.108212 0.111215
2 0.378536 0.391325 0.100884 0.101375
1 0.927446 0.286086 0.110295 0.114004
2 0.707711 0.393337 0.099116 0.105398
1 0.926336 0.178835 0.112004 0.110657
1 0.709804 0.505388 0.107230 0.114363
1 0.166925 0.393108 0.105953 0.108924
1 0.710295 0.722042 0.108212 0.117390
2 0.706768 0.280578 0.097230 0.102988
1 0.601385 0.501544 0.106503 0.110657
1 0.059882 0.616733 0.107976 0.121912
1 0.600157 0.065378 0.107976 0.110837
1 0.167564 0.614074 0.107230 0.116594
2 0.272927 0.501255 0.093988 0.102112
2 0.490246 0.280757 0.100334 0.103347
1 0.495295 0.066245 0.106503 0.112570
1 0.819921 0.721155 0.107426 0.111633
1 0.383517 0.502500 0.110845 0.112570
2 0.815246 0.500807 0.098075 0.105199
1 0.819460 0.283825 0.106503 0.109482
1 0.711316 0.064841 0.106326 0.113745
1 0.493919 0.393506 0.103752 0.109721
1 0.818271 0.063695 0.104126 0.111454
1 0.819008 0.394821 0.105599 0.108367
1 0.383232 0.614163 0.114204 0.116773
2 0.923448 0.831394 0.102299 0.105020
1 0.601660 0.284502 0.107053 0.110837
2 0.491267 0.502022 0.098448 0.107629
2 0.708320 0.611584 0.100334 0.107629
1 0.277888 0.282520 0.099980 0.106873
1 0.927043 0.504024 0.109489 0.111633
2 0.816473 0.831305 0.100530 0.104841
2 0.059646 0.724293 0.103576 0.105956
2 0.596473 0.612181 0.096680 0.104841
2 0.599735 0.175787 0.103202 0.108546
2 0.056906 0.282988 0.105953 0.107809
1 0.277446 0.616255 0.103026 0.116972
2 0.491424 0.722649 0.098762 0.102669
2 0.491424 0.614731 0.098762 0.105956
2 0.815943 0.614223 0.103399 0.108924
2 0.924892 0.612639 0.101257 0.105757
2 0.273006 0.722460 0.098075 0.102291
1 0.167112 0.725309 0.106326 0.107988
1 0.058870 0.942371 0.105953 0.111833
1 0.599145 0.723735 0.105953 0.112809
2 0.164489 0.831673 0.101081 0.105578
1 0.923792 0.942629 0.110845 0.108367
1 0.379695 0.725418 0.114990 0.112191
1 0.167790 0.942072 0.103752 0.107251
2 0.057957 0.832420 0.104126 0.107072
1 0.278635 0.943675 0.105403 0.110458
2 0.709116 0.833526 0.101925 0.109283
2 0.380049 0.943506 0.099980 0.106135
2 0.491267 0.943596 0.098448 0.106315
2 0.708644 0.943416 0.097053 0.105956
2 0.599234 0.943416 0.098271 0.105956
2 0.815678 0.942759 0.098939 0.104641
