1 0.058832 0.174742 0.105782 0.110915
2 0.387267 0.062058 0.105228 0.108211
1 0.169901 0.175626 0.106139 0.104732
2 0.276188 0.061421 0.100891 0.106938
1 0.607129 0.502376 0.109307 0.110119
1 0.059931 0.066352 0.107980 0.116799
1 0.062119 0.504026 0.108396 0.113419
2 0.715267 0.173996 0.095881 0.101471
1 0.169693 0.065974 0.109683 0.112068
2 0.275149 0.172197 0.094851 0.101849
2 0.386386 0.391988 0.107426 0.108032
2 0.714604 0.392575 0.102475 0.109205
2 0.166059 0.281879 0.098455 0.102525
2 0.494099 0.175378 0.101069 0.108211
2 0.058545 0.284354 0.101248 0.107475
2 0.276614 0.390795 0.101743 0.105646
2 0.603584 0.173539 0.098257 0.104533
1 0.388644 0.176332 0.107980 0.110119
1 0.932950 0.178231 0.111446 0.109940
2 0.931733 0.391988 0.105050 0.108032
2 0.931178 0.062366 0.103941 0.108827
1 0.385109 0.501551 0.112792 0.112445
2 0.494347 0.501759 0.101564 0.104911
2 0.713871 0.282147 0.097050 0.103062
2 0.821931 0.174423 0.099307 0.102326
1 0.932861 0.282674 0.111267 0.112068
1 0.385901 0.614384 0.114376 0.111471
1 0.168198 0.502008 0.106693 0.109384
1 0.716891 0.063320 0.107050 0.110736
1 0.606406 0.396093 0.111822 0.116243
2 0.056574 0.390954 0.105228 0.109940
1 0.606762 0.063986 0.108574 0.112068
1 0.386871 0.283231 0.108396 0.109205
1 0.168505 0.393917 0.111267 0.111889
2 0.821653 0.502276 0.098752 0.101968
1 0.060228 0.615060 0.108574 0.116799
2 0.275119 0.500567 0.098752 0.102525
1 0.826079 0.284364 0.107604 0.111471
1 0.826267 0.062644 0.107980 0.109384
1 0.169604 0.615179 0.109505 0.113062
2 0.494802 0.281730 0.102475 0.106203
1 0.827000 0.393002 0.113406 0.114036
2 0.495257 0.722157 0.103386 0.104354
1 0.608743 0.283897 0.108574 0.110537
1 0.716436 0.504851 0.106139 0.111093
2 0.057545 0.723867 0.103208 0.103797
1 0.278257 0.283897 0.101069 0.106561
2 0.714634 0.608658 0.098574 0.103996
2 0.275733 0.720805 0.099980 0.101650
1 0.497396 0.832306 0.111624 0.109940
2 0.931267 0.612266 0.100158 0.103260
1 0.715188 0.725924 0.107604 0.111889
2 0.603347 0.609911 0.101743 0.102525
1 0.279970 0.614284 0.104495 0.111272
1 0.931881 0.504483 0.109307 0.110358
1 0.386416 0.832396 0.111446 0.110119
1 0.825990 0.722038 0.107426 0.112068
1 0.498525 0.066561 0.109921 0.113241
1 0.933772 0.721223 0.109129 0.114414
2 0.931020 0.829235 0.099663 0.103797
2 0.494624 0.611561 0.102119 0.105825
1 0.605733 0.725437 0.106515 0.110915
1 0.058832 0.943728 0.105782 0.110119
2 0.822812 0.612634 0.101069 0.103996
2 0.059802 0.828499 0.099802 0.102326
2 0.714911 0.829235 0.099129 0.103797
2 0.821139 0.828499 0.097723 0.102326
1 0.609208 0.830527 0.109505 0.110358
1 0.280792 0.940825 0.110099 0.112266
1 0.170634 0.942505 0.107604 0.107674
2 0.166574 0.827982 0.099485 0.101292
1 0.279267 0.831262 0.107050 0.107853
1 0.168960 0.721829 0.108218 0.107674
1 0.382950 0.723449 0.112436 0.110915
1 0.931881 0.941372 0.109307 0.109384
2 0.496238 0.395417 0.109307 0.110915
2 0.385614 0.940417 0.101921 0.107475
2 0.604356 0.940239 0.099802 0.107117
2 0.713287 0.941213 0.095881 0.105089
2 0.495624 0.941581 0.104119 0.105825
2 0.819950 0.942654 0.095347 0.103996
