2 0.381085 0.066208 0.103393 0.108653
1 0.276736 0.178901 0.103767 0.112257
2 0.928057 0.063376 0.108580 0.110911
1 0.056302 0.728931 0.112604 0.119248
2 0.818314 0.062792 0.102110 0.109743
2 0.056972 0.175960 0.102110 0.106376
1 0.056213 0.834851 0.112426 0.117228
1 0.168205 0.176693 0.107613 0.107842
1 0.058067 0.613772 0.112189 0.118634
2 0.055680 0.065079 0.107416 0.110356
1 0.277170 0.067713 0.108580 0.115624
2 0.056558 0.282980 0.105227 0.106554
1 0.058235 0.502257 0.108580 0.113426
1 0.383195 0.177465 0.107613 0.109386
1 0.167179 0.067317 0.109507 0.114832
2 0.926193 0.174861 0.104852 0.104178
1 0.602525 0.178139 0.108402 0.110733
1 0.495247 0.176693 0.106864 0.107842
2 0.164053 0.282327 0.099310 0.101287
2 0.381105 0.282416 0.099487 0.101465
2 0.709270 0.282663 0.097041 0.101960
1 0.383590 0.504475 0.108402 0.109941
1 0.383008 0.396634 0.107239 0.112079
2 0.926982 0.282762 0.102485 0.102158
2 0.054675 0.390832 0.105404 0.108396
1 0.056095 0.941970 0.112189 0.117604
1 0.276095 0.282980 0.102485 0.106554
1 0.711667 0.507218 0.105779 0.111465
2 0.710493 0.392950 0.099487 0.104713
1 0.277268 0.503921 0.100888 0.108832
1 0.600158 0.504475 0.107613 0.109941
2 0.491036 0.392772 0.098442 0.104356
1 0.494892 0.067505 0.110099 0.115208
1 0.600473 0.066832 0.112189 0.113861
1 0.820237 0.395139 0.105957 0.113050
1 0.600464 0.396634 0.108225 0.112079
2 0.924822 0.502327 0.102110 0.105644
1 0.605621 0.285743 0.110651 0.112079
1 0.167742 0.721475 0.106686 0.112257
1 0.929852 0.393347 0.108225 0.113426
1 0.276736 0.612386 0.103767 0.111901
1 0.821016 0.502218 0.103570 0.109386
1 0.928905 0.829624 0.106331 0.110733
1 0.821016 0.177366 0.103570 0.109188
1 0.276272 0.394069 0.102840 0.110911
2 0.599063 0.720950 0.097535 0.099327
1 0.820838 0.285158 0.103215 0.110911
1 0.493008 0.830653 0.106331 0.108832
1 0.712890 0.066703 0.108225 0.113604
1 0.381893 0.612653 0.108955 0.112436
1 0.929172 0.723950 0.106864 0.113248
1 0.167377 0.612475 0.105957 0.112079
1 0.711371 0.612574 0.109132 0.116238
2 0.164290 0.391149 0.099783 0.101109
1 0.276183 0.721653 0.102663 0.108653
2 0.490769 0.611327 0.097909 0.105822
1 0.711203 0.830208 0.104852 0.111901
2 0.817337 0.719950 0.100158 0.101287
1 0.600641 0.833000 0.108580 0.109564
2 0.491469 0.501594 0.099310 0.104178
2 0.273708 0.831455 0.097712 0.102515
1 0.600158 0.613366 0.107613 0.113861
1 0.928807 0.613366 0.106134 0.113861
1 0.709586 0.722297 0.109507 0.109941
1 0.822712 0.829515 0.103018 0.106554
1 0.381223 0.832634 0.107613 0.108832
1 0.168254 0.830347 0.103767 0.108218
1 0.494980 0.722297 0.106331 0.109941
2 0.711381 0.175594 0.101262 0.105644
2 0.164122 0.501861 0.103393 0.104713
2 0.490809 0.283495 0.101933 0.103624
1 0.928905 0.938792 0.106331 0.115208
1 0.602446 0.942168 0.112189 0.114040
2 0.382091 0.721485 0.105404 0.104356
1 0.491400 0.941584 0.107061 0.112871
2 0.815552 0.609347 0.100533 0.105822
2 0.379921 0.940772 0.101065 0.107287
1 0.278797 0.939743 0.103945 0.109188
2 0.710661 0.940772 0.095878 0.107287
2 0.166864 0.939069 0.097041 0.107842
2 0.818442 0.940505 0.094477 0.106752
