1 0.499615 0.171494 0.103767 0.107928
1 0.717288 0.176175 0.109132 0.113307
1 0.606667 0.172550 0.104852 0.110040
1 0.387643 0.173307 0.104675 0.107570
2 0.062978 0.168486 0.102288 0.105896
1 0.389872 0.830010 0.109132 0.110219
1 0.716617 0.281653 0.107791 0.113108
1 0.605700 0.062440 0.106864 0.112928
1 0.501351 0.063516 0.107239 0.115080
2 0.933353 0.169044 0.103393 0.107012
1 0.608363 0.282600 0.104300 0.111016
2 0.279389 0.168765 0.097239 0.106454
1 0.390710 0.064542 0.106864 0.117131
1 0.826982 0.282550 0.107613 0.114900
1 0.716252 0.063118 0.107061 0.114283
2 0.172465 0.060627 0.104300 0.109303
1 0.500897 0.500199 0.106331 0.111952
1 0.064339 0.393127 0.108955 0.116932
1 0.933136 0.827649 0.110848 0.109482
1 0.064615 0.283357 0.109507 0.116514
2 0.500533 0.277769 0.097712 0.105339
2 0.171824 0.171404 0.103018 0.107749
2 0.716982 0.388775 0.096686 0.104243
1 0.061785 0.061434 0.107791 0.114900
2 0.170306 0.496992 0.099980 0.105538
2 0.713846 0.497500 0.094359 0.102570
1 0.065375 0.722112 0.111026 0.113546
2 0.061193 0.498287 0.102663 0.108127
1 0.825010 0.828416 0.107613 0.111016
1 0.826341 0.059283 0.106331 0.110598
2 0.385986 0.389143 0.097416 0.104980
2 0.606036 0.387062 0.095700 0.104801
2 0.931105 0.390249 0.102840 0.107191
2 0.171095 0.388357 0.101558 0.107390
1 0.934063 0.283167 0.108757 0.116135
2 0.279813 0.279392 0.098087 0.104602
1 0.503728 0.829920 0.111992 0.110040
1 0.934734 0.060448 0.110099 0.112928
1 0.280947 0.061853 0.104300 0.111753
2 0.170759 0.718367 0.100888 0.102072
2 0.821272 0.498795 0.096193 0.105159
1 0.063126 0.942520 0.110473 0.112131
1 0.174694 0.282460 0.108757 0.114721
1 0.388925 0.500508 0.107239 0.112570
1 0.608826 0.500199 0.105227 0.111952
2 0.279112 0.498795 0.096686 0.105159
1 0.827653 0.390448 0.108955 0.111574
1 0.499704 0.389532 0.103945 0.113725
2 0.278876 0.718715 0.100158 0.102769
2 0.168333 0.608616 0.099980 0.109661
2 0.823254 0.170388 0.100158 0.105717
2 0.821696 0.608267 0.097041 0.104980
2 0.713738 0.608357 0.098087 0.105159
2 0.494980 0.719472 0.098442 0.100299
1 0.715611 0.723755 0.105779 0.108865
2 0.932377 0.719263 0.101440 0.103865
2 0.063807 0.829243 0.103945 0.108685
1 0.281864 0.827928 0.106134 0.110040
2 0.931292 0.499422 0.103215 0.110398
1 0.386874 0.612440 0.111026 0.117311
2 0.603708 0.607480 0.098935 0.107390
1 0.172909 0.940797 0.109132 0.108685
2 0.389803 0.278516 0.105049 0.106833
2 0.714250 0.828775 0.099112 0.107749
1 0.501085 0.609691 0.110651 0.119781
2 0.279389 0.608546 0.097239 0.105538
1 0.826706 0.721624 0.107061 0.112570
2 0.281489 0.389402 0.101440 0.109482
2 0.607821 0.827948 0.103215 0.106096
1 0.607998 0.721125 0.103570 0.111574
1 0.063205 0.612639 0.106686 0.113725
2 0.932673 0.611076 0.109921 0.110598
1 0.387446 0.721315 0.108225 0.111952
2 0.170680 0.828964 0.104675 0.108127
1 0.933304 0.938536 0.107239 0.112131
2 0.716223 0.940418 0.099112 0.107928
2 0.387909 0.938157 0.101262 0.107390
2 0.500237 0.937211 0.101065 0.109482
2 0.279576 0.938894 0.101558 0.108865
2 0.823254 0.940418 0.100158 0.107928
1 0.610325 0.940249 0.108225 0.111574
