1 0.058507 0.176670 0.105226 0.110795
2 0.381483 0.064016 0.102849 0.108151
2 0.275825 0.063827 0.099784 0.107773
1 0.168251 0.176501 0.104676 0.106481
1 0.060187 0.068797 0.108585 0.117714
2 0.273448 0.174493 0.095029 0.102465
1 0.166837 0.503936 0.105776 0.109264
2 0.707623 0.176869 0.098939 0.107217
1 0.380963 0.834632 0.113595 0.110616
2 0.165472 0.285199 0.099116 0.105189
2 0.923900 0.393111 0.103202 0.106302
1 0.167839 0.068499 0.107780 0.113141
1 0.602171 0.832276 0.112004 0.109881
1 0.382564 0.178569 0.108939 0.110616
1 0.925845 0.724473 0.111022 0.112962
1 0.059509 0.505477 0.107230 0.112346
2 0.490383 0.176223 0.096680 0.105924
2 0.055806 0.392833 0.103752 0.105746
1 0.382750 0.285368 0.109312 0.109503
2 0.815491 0.175577 0.098566 0.104632
2 0.271542 0.393091 0.095147 0.102286
1 0.493350 0.833579 0.110472 0.108509
1 0.927446 0.286193 0.110295 0.115129
2 0.922859 0.066233 0.105049 0.112584
1 0.274804 0.834443 0.105599 0.110239
1 0.601130 0.397068 0.109921 0.110239
2 0.708320 0.395378 0.100334 0.106859
2 0.380688 0.393708 0.101257 0.103519
1 0.710177 0.723966 0.107976 0.115924
1 0.926336 0.180467 0.112004 0.110437
1 0.167289 0.396113 0.106680 0.108330
2 0.707102 0.282744 0.097898 0.104254
2 0.491179 0.504940 0.098271 0.103320
1 0.600275 0.067048 0.108212 0.110239
1 0.601473 0.505825 0.106680 0.109066
1 0.495481 0.068101 0.106876 0.112346
1 0.710079 0.505974 0.107780 0.113340
1 0.383517 0.504612 0.110845 0.110616
2 0.491601 0.282744 0.099116 0.104254
2 0.270717 0.502058 0.093497 0.101531
1 0.820098 0.723608 0.107780 0.111233
1 0.167937 0.614722 0.107976 0.116123
2 0.815491 0.503231 0.098566 0.103877
1 0.819646 0.286700 0.106876 0.112167
1 0.059882 0.619364 0.107976 0.121431
2 0.923448 0.832197 0.102299 0.105746
1 0.602515 0.287008 0.108762 0.112783
1 0.817908 0.067545 0.103399 0.111233
1 0.278065 0.284871 0.100334 0.108509
1 0.709804 0.066610 0.107230 0.113340
1 0.819371 0.396481 0.106326 0.109066
1 0.381444 0.616123 0.114558 0.114950
1 0.494194 0.394901 0.104303 0.109881
2 0.816473 0.831640 0.100530 0.104632
2 0.708232 0.612356 0.100157 0.107416
1 0.926955 0.508678 0.109312 0.110795
1 0.277908 0.620099 0.103949 0.114950
2 0.059371 0.725119 0.103026 0.106302
2 0.056906 0.284692 0.105953 0.108151
2 0.492210 0.722386 0.100334 0.104811
2 0.600010 0.177425 0.103752 0.108330
2 0.491267 0.615775 0.098448 0.106302
2 0.273104 0.723111 0.098271 0.102286
2 0.598379 0.611799 0.096562 0.106302
2 0.924705 0.613231 0.100884 0.105189
2 0.815570 0.615080 0.102652 0.108887
1 0.379784 0.726153 0.115167 0.112346
1 0.060835 0.944563 0.105953 0.111789
2 0.166267 0.831819 0.100707 0.104990
1 0.925658 0.941312 0.110648 0.109264
1 0.600835 0.723976 0.105403 0.111968
2 0.059646 0.832197 0.103576 0.105746
1 0.168065 0.942833 0.104303 0.108330
2 0.709028 0.834076 0.101749 0.109503
1 0.279548 0.944543 0.107230 0.111750
1 0.166749 0.724145 0.105599 0.108330
2 0.382898 0.943986 0.101749 0.106660
2 0.491699 0.944175 0.099312 0.107038
2 0.709342 0.943429 0.098448 0.105547
2 0.599136 0.944264 0.098075 0.107217
2 0.818251 0.943529 0.100157 0.105746
