1 0.501541 0.071335 0.110609 0.113996
1 0.394910 0.072984 0.108817 0.113710
1 0.500824 0.726022 0.109176 0.111541
2 0.827697 0.069373 0.103423 0.106487
2 0.388719 0.939471 0.100018 0.104749
1 0.828118 0.400036 0.107849 0.111900
2 0.065376 0.396801 0.102079 0.105430
2 0.388486 0.612115 0.099552 0.102366
2 0.282267 0.393710 0.098584 0.102832
2 0.174355 0.831667 0.101398 0.104194
1 0.502213 0.399866 0.108369 0.111559
2 0.935108 0.182841 0.099606 0.104032
2 0.607473 0.291237 0.096667 0.102186
1 0.392348 0.399722 0.107276 0.111272
2 0.934516 0.610412 0.098423 0.102545
2 0.933978 0.938477 0.100932 0.106344
1 0.500654 0.941801 0.108835 0.112993
2 0.283217 0.725233 0.096900 0.102796
1 0.066425 0.941443 0.107760 0.112276
1 0.502446 0.834848 0.108835 0.114140
2 0.720833 0.719328 0.101165 0.101738
2 0.716900 0.285824 0.100466 0.102115
2 0.823763 0.719704 0.099140 0.102491
2 0.497545 0.289597 0.099032 0.102491
2 0.607545 0.394337 0.096810 0.104086
2 0.173495 0.069131 0.103262 0.106004
2 0.609453 0.835161 0.097043 0.104014
1 0.827939 0.506998 0.107491 0.114355
2 0.717195 0.938271 0.101057 0.105932
2 0.609382 0.610421 0.096900 0.102563
2 0.935358 0.833235 0.100108 0.103746
2 0.719749 0.069364 0.102581 0.106470
1 0.719633 0.615780 0.109516 0.113280
1 0.610081 0.070851 0.109050 0.113029
1 0.173853 0.941272 0.107563 0.111935
2 0.934588 0.290914 0.098566 0.101541
2 0.391658 0.504830 0.098728 0.102849
1 0.284364 0.072733 0.109946 0.113208
1 0.937670 0.070753 0.111900 0.112832
2 0.170063 0.393459 0.099982 0.102330
2 0.936989 0.399435 0.099785 0.103530
1 0.828217 0.616013 0.108047 0.113746
1 0.393889 0.834113 0.106774 0.112670
1 0.719032 0.508539 0.108315 0.113853
2 0.067634 0.829220 0.103011 0.106470
2 0.829704 0.176738 0.100269 0.102581
2 0.393934 0.719579 0.099695 0.102240
2 0.061909 0.611541 0.102312 0.104803
2 0.825609 0.291228 0.099247 0.102168
2 0.171192 0.616470 0.098656 0.103907
1 0.394382 0.182697 0.107760 0.114498
2 0.719857 0.396075 0.099211 0.103978
2 0.503638 0.502518 0.100466 0.101810
2 0.170815 0.286756 0.101487 0.103978
1 0.283907 0.941577 0.109032 0.112545
2 0.061013 0.503289 0.100520 0.103351
1 0.502016 0.617590 0.107975 0.113315
1 0.283262 0.292894 0.107742 0.109086
1 0.066595 0.725430 0.108100 0.110358
1 0.066129 0.179668 0.107168 0.112025
2 0.825475 0.936694 0.098978 0.106362
1 0.502007 0.180323 0.107957 0.113333
1 0.719005 0.833799 0.108262 0.112043
1 0.069588 0.074964 0.106918 0.110502
2 0.062115 0.286694 0.102724 0.103853
1 0.394122 0.290484 0.107240 0.111434
1 0.827581 0.833862 0.106774 0.112168
1 0.937276 0.725582 0.111111 0.110663
1 0.173486 0.507213 0.106828 0.111201
1 0.283082 0.612375 0.107384 0.110054
1 0.173719 0.724866 0.107294 0.109229
1 0.174588 0.181353 0.109032 0.111810
1 0.609382 0.724973 0.107652 0.109444
1 0.611201 0.943100 0.107706 0.112007
1 0.283163 0.183808 0.107545 0.113136
1 0.283450 0.508038 0.108118 0.112849
1 0.283378 0.834444 0.107975 0.113333
1 0.937625 0.507303 0.108226 0.111380
1 0.610833 0.507070 0.106971 0.110914
1 0.720341 0.181102 0.107348 0.111308
1 0.608011 0.179229 0.104910 0.111147
