2 0.827559 0.608318 0.099964 0.105126
2 0.277342 0.609469 0.098987 0.103831
2 0.828174 0.718588 0.101193 0.102644
2 0.278725 0.718579 0.098137 0.102626
2 0.827396 0.281799 0.099638 0.103165
1 0.389042 0.176187 0.109005 0.114964
2 0.165868 0.937221 0.100271 0.104658
1 0.609973 0.174496 0.109638 0.115180
2 0.606374 0.503282 0.098825 0.103687
2 0.605533 0.714388 0.097143 0.101439
1 0.499593 0.174793 0.109494 0.115773
1 0.279656 0.501682 0.107233 0.111277
1 0.827821 0.173939 0.107722 0.114065
2 0.936627 0.175549 0.101103 0.106493
2 0.719467 0.281844 0.100778 0.103255
2 0.496573 0.391951 0.099837 0.104047
1 0.827387 0.501349 0.106854 0.110612
2 0.824864 0.393795 0.098192 0.104137
2 0.720244 0.824613 0.102333 0.106061
2 0.166239 0.389487 0.101013 0.102716
2 0.276673 0.823759 0.097649 0.104353
2 0.275796 0.175890 0.099512 0.107176
2 0.276157 0.282437 0.100235 0.104442
2 0.606212 0.937176 0.098499 0.104568
2 0.934991 0.714209 0.101447 0.101079
2 0.824168 0.064478 0.100416 0.103777
2 0.604412 0.387311 0.098517 0.101960
2 0.829729 0.825225 0.100687 0.103687
2 0.055967 0.387950 0.104702 0.103237
2 0.389530 0.610162 0.099132 0.105216
2 0.392052 0.823894 0.100561 0.104622
2 0.494665 0.606367 0.099638 0.104820
1 0.171700 0.612617 0.108318 0.113723
2 0.496618 0.497743 0.099928 0.103399
2 0.495796 0.064730 0.101899 0.104281
2 0.173716 0.825063 0.101501 0.103363
2 0.713987 0.607356 0.100669 0.103201
1 0.388689 0.501511 0.108300 0.110935
1 0.719602 0.501358 0.108282 0.110629
1 0.939132 0.064694 0.113345 0.111403
2 0.062052 0.830836 0.102405 0.107716
2 0.062206 0.502878 0.102712 0.106475
1 0.171284 0.501709 0.107486 0.111331
1 0.720181 0.064730 0.109439 0.111475
2 0.168336 0.064730 0.101591 0.104281
1 0.388734 0.392311 0.108391 0.111960
2 0.494873 0.824038 0.100054 0.104910
1 0.720027 0.720288 0.109132 0.109640
2 0.720063 0.170045 0.101971 0.106277
2 0.062649 0.175090 0.103599 0.109173
1 0.279503 0.392167 0.106926 0.111673
1 0.389421 0.064829 0.109765 0.111673
1 0.610443 0.065027 0.110579 0.112068
1 0.171736 0.720135 0.108391 0.109335
2 0.277685 0.064919 0.099675 0.104658
1 0.057821 0.067086 0.112025 0.108993
1 0.170570 0.175045 0.109675 0.112680
1 0.827703 0.941007 0.107486 0.112230
1 0.060307 0.611915 0.109765 0.112320
1 0.938300 0.502068 0.111682 0.112050
1 0.388843 0.284514 0.108608 0.112194
1 0.608969 0.611637 0.107631 0.111763
2 0.055823 0.716826 0.104412 0.106313
1 0.938671 0.392455 0.112423 0.112248
1 0.609421 0.284101 0.108535 0.111367
1 0.499033 0.720189 0.108373 0.109442
1 0.170506 0.283741 0.109548 0.110647
1 0.938237 0.612383 0.111555 0.113255
1 0.938481 0.941376 0.112043 0.112968
1 0.938336 0.831178 0.111754 0.115594
1 0.497939 0.287617 0.109801 0.111205
1 0.720108 0.940953 0.109295 0.112122
1 0.279331 0.940647 0.106582 0.111511
1 0.059828 0.283813 0.108807 0.110791
1 0.719675 0.393165 0.108427 0.110072
1 0.938282 0.284496 0.111646 0.112158
1 0.390181 0.940791 0.107667 0.111799
1 0.388110 0.720027 0.107143 0.109119
1 0.610922 0.830414 0.107920 0.114065
1 0.499331 0.940612 0.108969 0.111439
1 0.060353 0.940450 0.109855 0.111115
