2 0.605309 0.610503 0.099909 0.104309
1 0.606452 0.394138 0.109456 0.113232
2 0.824338 0.283402 0.102396 0.103609
1 0.716180 0.174937 0.111125 0.112890
1 0.606416 0.174758 0.109383 0.112531
1 0.606425 0.503312 0.109401 0.112549
2 0.274828 0.282226 0.103194 0.104847
1 0.606352 0.286059 0.109256 0.112513
1 0.715000 0.393420 0.108766 0.111795
1 0.055163 0.065476 0.110327 0.112998
1 0.715381 0.066140 0.109528 0.114327
1 0.054256 0.720350 0.108512 0.112154
1 0.825045 0.721409 0.111071 0.114273
2 0.935681 0.831741 0.100036 0.105135
1 0.169056 0.173357 0.109437 0.109731
2 0.384555 0.831293 0.097604 0.104237
1 0.826488 0.065530 0.110327 0.113106
2 0.050254 0.498932 0.100508 0.103788
1 0.715191 0.285978 0.109147 0.112352
2 0.718793 0.498654 0.101833 0.103232
2 0.601388 0.721041 0.099328 0.102765
1 0.826370 0.612917 0.110091 0.112729
2 0.711143 0.935969 0.101053 0.105332
2 0.600998 0.831688 0.098548 0.105027
2 0.933557 0.287056 0.099419 0.103734
2 0.161860 0.716346 0.102305 0.104147
1 0.056479 0.283465 0.109328 0.110916
2 0.164528 0.282002 0.104011 0.104399
2 0.716125 0.610736 0.100127 0.104776
2 0.389773 0.176777 0.100780 0.105799
2 0.270998 0.936203 0.099165 0.105799
1 0.054537 0.173600 0.109074 0.113806
2 0.162232 0.831903 0.103049 0.105458
2 0.050817 0.936194 0.101633 0.105781
1 0.166207 0.065180 0.110998 0.112406
1 0.936996 0.720853 0.109927 0.113160
2 0.161252 0.389901 0.104719 0.104758
2 0.053820 0.391284 0.100381 0.103932
2 0.271497 0.067101 0.100163 0.105476
2 0.932468 0.935664 0.100871 0.104722
2 0.826461 0.498573 0.103013 0.103070
2 0.383575 0.060808 0.099274 0.103662
1 0.938457 0.613142 0.109220 0.113178
2 0.050163 0.825422 0.100327 0.103268
1 0.497795 0.612747 0.109927 0.112388
2 0.495744 0.283285 0.098566 0.103375
2 0.497849 0.722208 0.102777 0.105099
1 0.826298 0.393214 0.109946 0.111382
2 0.498966 0.825108 0.101379 0.102639
2 0.602840 0.933896 0.098603 0.104776
2 0.054456 0.610215 0.101652 0.103734
2 0.823085 0.171670 0.103521 0.106355
1 0.497777 0.503842 0.109891 0.113609
1 0.164982 0.503591 0.112178 0.113106
1 0.165009 0.611741 0.112232 0.110377
2 0.498149 0.170781 0.103376 0.104578
2 0.272686 0.721445 0.098911 0.103573
1 0.497532 0.395413 0.109401 0.112190
2 0.269927 0.613205 0.097024 0.102531
2 0.270780 0.394659 0.098730 0.103501
2 0.603176 0.059758 0.099274 0.105153
1 0.276334 0.176311 0.109837 0.112047
1 0.936987 0.503627 0.109909 0.113178
1 0.938439 0.393411 0.109183 0.111777
2 0.718339 0.715673 0.100926 0.102801
2 0.935608 0.059075 0.099891 0.103788
1 0.714691 0.830494 0.108149 0.113411
1 0.826506 0.831050 0.110363 0.114524
1 0.938076 0.176158 0.112087 0.111741
1 0.826633 0.939623 0.110617 0.112639
1 0.386851 0.612944 0.109456 0.112783
1 0.275345 0.503079 0.107858 0.112083
1 0.162595 0.937136 0.111034 0.111257
1 0.384038 0.717127 0.107459 0.109300
1 0.497459 0.064776 0.109256 0.111598
1 0.382350 0.501975 0.107713 0.113465
1 0.497332 0.940826 0.109002 0.111454
1 0.386189 0.940934 0.108131 0.111670
1 0.275309 0.830377 0.107786 0.113178
1 0.386098 0.392828 0.107949 0.110610
1 0.385980 0.284596 0.107713 0.109587
